&parallelization
    n_procs_s = 2
    n_procs_v = 1
    n_procs_w = 8
    n_procs_x = 1
    n_procs_y = 1
    n_procs_z = 9
    n_procs_sim = 144
    n_parallel_sims = 1
/

&box
    n_spec = 2
    nx0 = 9
    nky0 = 1
    nz0 = 135
    nv0 = 32
    nw0 = 8
    lv = 3.0
    lw = 9.0
    x0 = 0.96
    kymin = 48.0      !scanlist: 0.19388966615554953, 0.07775102260955716, 0.9827290072072553, 0.9766058820168075, 0.20908600207032924
    kx_center = 0.0
/

&in_out
    diagdir = '/project/project_462000451/gene_out/gene_auto'
    read_checkpoint = .false.
    istep_nrg = 10
    istep_omega = 10
    istep_field = 10
    istep_energy = 100
    istep_mom = 600
    istep_vsp = 5000
    istep_schpt = 5000
/

&general
    bpar = .true.
    underflow_limit = 1e-20
    nonlinear = .false.
    x_local = .true.
    arakawa_zv = .false.
    comp_type = 'IV'
    calc_dt = .true.
    ntimesteps = 1000000
    timelim = 22000
    simtimelim = 50
    omega_prec = 0.001
    hyp_z = -2
    hyp_v = 0.2
    init_cond = 'alm'
    beta = 0.0022366753
    debye2 = 0.00023915662
    tau = 1.7
    collision_op = 'landau'
    coll = 0.0042788004
    coll_cons_model = 'xu_rosenbluth'
/

&geometry
    magn_geometry = 'miller'
    trpeps = 0.25643
    q0 = 2.2851
    shat = 2.2142
    amhd = 0.016535
    drr = -0.14686
    drz = -0.076232
    kappa = 1.349
    s_kappa = 0.23129
    delta = 0.055595
    s_delta = 0.14461
    zeta = -0.012412
    s_zeta = -0.063568
    minor_r = 1
    major_r = 3.1481
    rhostar = -1
/

&species       !scanwith: 0, 59.77745437671036, 9.018086216315417, 54.29433521090884, 34.73597113811698, 47.664905174523525
    name = 'i'
    omn = 15.265123
    omt = 28.287016
    mass = 1.0
    temp = 1.0
    dens = 1.0
    charge = 1
/

&species
    name = 'e'
    omn = 15.265123
    omt = 28.287016       !scanwith: 0, 46.6103021511149, 35.07650181292344, 49.9330598243938, 60.28604945190982, 39.06962898837463
    mass = 0.0002724
    temp = 1.0
    dens = 1.0
    charge = -1
/

&units
    bref = 1.95451278338
    tref = 0.501585859244667
    nref = 4.227951567070655
    lref = 0.760585884664
    mref = 2.0
/